     anio              lenguaje  toxicity  severe_toxicity   obscene  identity_attack    insult    threat
0    1994               English  0.000624         0.000124  0.000175         0.000146  0.000177  0.000134
1    1995               English  0.000609         0.000125  0.000176         0.000146  0.000177  0.000135
2    1995                 Latin  0.000651         0.000122  0.000178         0.000145  0.000176  0.000132
3    1995               Spanish  0.000589         0.000128  0.000175         0.000148  0.000179  0.000142
4    1996               English  0.000643         0.000126  0.000181         0.000160  0.000182  0.000136
5    1996                German  0.000660         0.000122  0.000174         0.000146  0.000176  0.000139
6    1997               English  0.000602         0.000125  0.000175         0.000146  0.000177  0.000135
7    1997                French  0.000604         0.000125  0.000175         0.000146  0.000176  0.000135
8    1997               Italian  0.000616         0.000124  0.000175         0.000146  0.000175  0.000136
9    1997                 Latin  0.000607         0.000124  0.000173         0.000146  0.000175  0.000136
10   1998               English  0.000612         0.000125  0.000176         0.000147  0.000177  0.000135
11   1998                French  0.000605         0.000125  0.000175         0.000145  0.000177  0.000134
12   1999               English  0.000746         0.000125  0.000183         0.000149  0.000185  0.000136
13   1999                French  0.000627         0.000122  0.000173         0.000145  0.000175  0.000133
14   1999              Japanese  0.000602         0.000126  0.000178         0.000145  0.000176  0.000135
15   1999               Spanish  0.000614         0.000123  0.000174         0.000146  0.000175  0.000134
16   2000                Danish  0.000646         0.000119  0.000175         0.000143  0.000175  0.000128
17   2000               English  0.000616         0.000124  0.000175         0.000146  0.000177  0.000134
18   2000                French  0.000594         0.000127  0.000175         0.000147  0.000178  0.000137
19   2000                German  0.000632         0.000123  0.000173         0.000146  0.000176  0.000135
20   2000               Swedish  0.000647         0.000120  0.000172         0.000145  0.000175  0.000131
21   2001             Bulgarian  0.000592         0.000125  0.000179         0.000144  0.000174  0.000134
22   2001                 Dutch  0.000595         0.000126  0.000176         0.000146  0.000176  0.000134
23   2001               English  0.000832         0.000126  0.000205         0.000154  0.000215  0.000136
24   2001                French  0.000580         0.000128  0.000177         0.000147  0.000178  0.000139
25   2001                German  0.000669         0.000119  0.000175         0.000144  0.000176  0.000131
26   2001              Japanese  0.000613         0.000128  0.000181         0.000147  0.000177  0.000141
27   2001            Portuguese  0.000614         0.000125  0.000175         0.000146  0.000175  0.000138
28   2001                 Welsh  0.000971         0.000110  0.000215         0.000140  0.000178  0.000116
29   2002             Bulgarian  0.000650         0.000120  0.000179         0.000142  0.000173  0.000133
30   2002               English  0.000618         0.000125  0.000176         0.000147  0.000178  0.000136
31   2002                French  0.000620         0.000123  0.000174         0.000145  0.000176  0.000135
32   2002                German  0.000604         0.000124  0.000175         0.000145  0.000176  0.000134
33   2002            Portuguese  0.000590         0.000127  0.000175         0.000147  0.000177  0.000138
34   2002                 Welsh  0.000617         0.000124  0.000175         0.000145  0.000176  0.000136
35   2003               Chinese  0.000616         0.000123  0.000175         0.000143  0.000174  0.000134
36   2003                Danish  0.000623         0.000123  0.000176         0.000144  0.000177  0.000135
37   2003                 Dutch  0.000649         0.000121  0.000174         0.000145  0.000177  0.000133
38   2003               English  0.000611         0.000125  0.000176         0.000146  0.000177  0.000135
39   2003               Finnish  0.000615         0.000123  0.000174         0.000145  0.000177  0.000132
40   2003                French  0.000608         0.000124  0.000174         0.000145  0.000176  0.000134
41   2003                German  0.000680         0.000120  0.000176         0.000145  0.000177  0.000133
42   2003                 Greek  0.000665         0.000122  0.000180         0.000143  0.000179  0.000144
43   2003                Hebrew  0.000621         0.000122  0.000174         0.000144  0.000174  0.000132
44   2003               Italian  0.000645         0.000120  0.000175         0.000144  0.000175  0.000131
45   2003                 Latin  0.000604         0.000125  0.000176         0.000146  0.000176  0.000136
46   2003               Spanish  0.000649         0.000120  0.000172         0.000144  0.000176  0.000134
47   2003               Swedish  0.000614         0.000123  0.000176         0.000144  0.000175  0.000132
48   2003                 Welsh  0.000614         0.000124  0.000174         0.000146  0.000176  0.000136
49   2004             Bulgarian  0.000611         0.000124  0.000176         0.000144  0.000175  0.000136
50   2004               Catalan  0.000635         0.000122  0.000175         0.000145  0.000176  0.000133
51   2004               Chinese  0.000624         0.000122  0.000176         0.000142  0.000175  0.000132
52   2004                 Czech  0.000607         0.000123  0.000178         0.000143  0.000175  0.000130
53   2004                Danish  0.000662         0.000120  0.000178         0.000143  0.000176  0.000130
54   2004                 Dutch  0.000642         0.000122  0.000175         0.000145  0.000177  0.000133
55   2004               English  0.000637         0.000126  0.000179         0.000148  0.000180  0.000136
56   2004             Esperanto  0.000612         0.000123  0.000175         0.000145  0.000176  0.000132
57   2004               Finnish  0.000626         0.000123  0.000176         0.000144  0.000176  0.000133
58   2004                French  0.000598         0.000126  0.000175         0.000146  0.000177  0.000136
59   2004                German  0.000671         0.000121  0.000177         0.000145  0.000177  0.000133
60   2004                Hebrew  0.000615         0.000124  0.000172         0.000146  0.000174  0.000135
61   2004               Italian  0.000608         0.000124  0.000175         0.000146  0.000176  0.000134
62   2004             Norwegian  0.000667         0.000120  0.000176         0.000144  0.000177  0.000132
63   2004            Portuguese  0.000597         0.000125  0.000176         0.000146  0.000176  0.000134
64   2004              Romanian  0.000668         0.000119  0.000172         0.000145  0.000174  0.000132
65   2004               Russian  0.000611         0.000124  0.000179         0.000146  0.000173  0.000134
66   2004               Serbian  0.000685         0.000119  0.000181         0.000143  0.000172  0.000130
67   2004               Spanish  0.000599         0.000125  0.000176         0.000146  0.000176  0.000135
68   2004               Swedish  0.000627         0.000122  0.000176         0.000144  0.000176  0.000133
69   2004               Tagalog  0.000636         0.000122  0.000178         0.000144  0.000175  0.000131
70   2004                 Welsh  0.000650         0.000122  0.000177         0.000145  0.000175  0.000134
71   2005             Afrikaans  0.000672         0.000120  0.000170         0.000146  0.000178  0.000135
72   2005               Catalan  0.000600         0.000125  0.000174         0.000146  0.000176  0.000135
73   2005               Chinese  0.000676         0.000122  0.000183         0.000144  0.000178  0.000131
74   2005                 Czech  0.000742         0.000117  0.000183         0.000146  0.000175  0.000131
75   2005                Danish  0.000663         0.000120  0.000176         0.000143  0.000177  0.000134
76   2005                 Dutch  0.000635         0.000122  0.000175         0.000145  0.000177  0.000134
77   2005               English  0.000626         0.000126  0.000178         0.000149  0.000178  0.000136
78   2005             Esperanto  0.000627         0.000121  0.000175         0.000142  0.000176  0.000129
79   2005               Finnish  0.000653         0.000122  0.000179         0.000145  0.000177  0.000133
80   2005                French  0.000604         0.000125  0.000175         0.000146  0.000177  0.000136
81   2005              Friulian  0.000624         0.000123  0.000173         0.000145  0.000176  0.000134
82   2005                German  0.000650         0.000121  0.000175         0.000145  0.000176  0.000133
83   2005             Icelandic  0.000627         0.000124  0.000177         0.000146  0.000177  0.000136
84   2005                 Iloko  0.000696         0.000118  0.000181         0.000144  0.000176  0.000128
85   2005           Interlingua  0.000731         0.000114  0.000175         0.000141  0.000174  0.000125
86   2005                 Irish  0.000583         0.000127  0.000176         0.000147  0.000177  0.000138
87   2005               Italian  0.000608         0.000124  0.000176         0.000145  0.000176  0.000134
88   2005                 Latin  0.000660         0.000120  0.000176         0.000143  0.000176  0.000132
89   2005       Mayan Languages  0.000589         0.000125  0.000176         0.000146  0.000176  0.000132
90   2005        Middle English  0.000586         0.000127  0.000176         0.000146  0.000177  0.000136
91   2005             Norwegian  0.000631         0.000121  0.000176         0.000143  0.000176  0.000131
92   2005                Polish  0.000719         0.000116  0.000175         0.000144  0.000177  0.000130
93   2005            Portuguese  0.000613         0.000125  0.000176         0.000146  0.000177  0.000136
94   2005               Russian  0.000626         0.000122  0.000176         0.000144  0.000175  0.000134
95   2005              Sanskrit  0.000576         0.000127  0.000177         0.000146  0.000175  0.000134
96   2005               Serbian  0.000585         0.000127  0.000177         0.000145  0.000175  0.000136
97   2005               Spanish  0.000599         0.000125  0.000176         0.000146  0.000176  0.000135
98   2005               Swedish  0.000641         0.000122  0.000178         0.000144  0.000176  0.000133
99   2005               Tagalog  0.000633         0.000122  0.000177         0.000145  0.000176  0.000132
100  2005                 Welsh  0.000681         0.000120  0.000179         0.000143  0.000175  0.000131
101  2006             Afrikaans  0.000680         0.000119  0.000175         0.000143  0.000176  0.000133
102  2006               Catalan  0.000611         0.000124  0.000175         0.000145  0.000176  0.000134
103  2006                Danish  0.000625         0.000121  0.000175         0.000144  0.000176  0.000129
104  2006                 Dutch  0.000634         0.000122  0.000175         0.000145  0.000176  0.000133
105  2006               English  0.000907         0.000128  0.000419         0.000161  0.000202  0.000136
106  2006             Esperanto  0.000608         0.000124  0.000175         0.000145  0.000175  0.000133
107  2006               Finnish  0.000630         0.000123  0.000176         0.000145  0.000176  0.000134
108  2006                French  0.000602         0.000125  0.000175         0.000146  0.000177  0.000136
109  2006               Frisian  0.000610         0.000125  0.000174         0.000145  0.000176  0.000136
110  2006                German  0.000661         0.000121  0.000175         0.000145  0.000177  0.000134
111  2006                 Greek  0.000568         0.000130  0.000181         0.000145  0.000177  0.000138
112  2006                Hebrew  0.000608         0.000125  0.000173         0.000148  0.000175  0.000136
113  2006             Hungarian  0.000643         0.000122  0.000174         0.000146  0.000176  0.000134
114  2006             Icelandic  0.000656         0.000121  0.000180         0.000144  0.000177  0.000133
115  2006               Italian  0.000621         0.000123  0.000175         0.000145  0.000176  0.000133
116  2006                 Latin  0.000641         0.000122  0.000174         0.000144  0.000177  0.000134
117  2006  Napoletano-Calabrese  0.000641         0.000120  0.000173         0.000145  0.000176  0.000131
118  2006               Occitan  0.000628         0.000121  0.000174         0.000144  0.000175  0.000130
119  2006                Polish  0.000677         0.000118  0.000174         0.000144  0.000173  0.000130
120  2006            Portuguese  0.000616         0.000124  0.000176         0.000145  0.000176  0.000135
121  2006               Spanish  0.000613         0.000124  0.000175         0.000146  0.000176  0.000135
122  2006               Swedish  0.000602         0.000125  0.000176         0.000145  0.000177  0.000134
123  2006               Tagalog  0.000663         0.000121  0.000179         0.000145  0.000175  0.000130
124  2006                 Welsh  0.000605         0.000124  0.000172         0.000147  0.000176  0.000136
125  2007               Arapaho  0.000592         0.000125  0.000179         0.000144  0.000175  0.000133
126  2007                Breton  0.000652         0.000119  0.000175         0.000144  0.000174  0.000130
127  2007               Catalan  0.000591         0.000126  0.000176         0.000146  0.000176  0.000135
128  2007               Cebuano  0.000598         0.000126  0.000178         0.000147  0.000176  0.000138
129  2007               Chinese  0.000613         0.000124  0.000176         0.000144  0.000176  0.000134
130  2007                 Dutch  0.000677         0.000121  0.000176         0.000145  0.000178  0.000133
131  2007               English  0.000712         0.000125  0.000203         0.000148  0.000183  0.000141
132  2007             Esperanto  0.000618         0.000123  0.000176         0.000145  0.000175  0.000133
133  2007               Finnish  0.000649         0.000123  0.000179         0.000145  0.000177  0.000133
134  2007                French  0.000598         0.000126  0.000175         0.000146  0.000177  0.000136
135  2007              Galician  0.000612         0.000123  0.000176         0.000145  0.000176  0.000132
136  2007                German  0.000650         0.000121  0.000174         0.000145  0.000176  0.000133
137  2007             Hungarian  0.000785         0.000113  0.000207         0.000139  0.000171  0.000116
138  2007             Icelandic  0.000592         0.000127  0.000177         0.000146  0.000177  0.000136
139  2007               Italian  0.000607         0.000124  0.000175         0.000145  0.000176  0.000134
140  2007                 Latin  0.000627         0.000122  0.000174         0.000144  0.000176  0.000134
141  2007                 Maori  0.000621         0.000123  0.000174         0.000143  0.000177  0.000135
142  2007        Middle English  0.000595         0.000127  0.000174         0.000148  0.000178  0.000139
143  2007               Nahuatl  0.000991         0.000112  0.000216         0.000151  0.000181  0.000131
144  2007             Norwegian  0.000694         0.000118  0.000181         0.000143  0.000175  0.000130
145  2007            Portuguese  0.000615         0.000124  0.000175         0.000145  0.000176  0.000134
146  2007               Spanish  0.000599         0.000125  0.000176         0.000146  0.000176  0.000135
147  2007               Swedish  0.000646         0.000120  0.000176         0.000143  0.000176  0.000131
148  2007               Tagalog  0.000578         0.000126  0.000176         0.000146  0.000177  0.000133
149  2007                 Welsh  0.000724         0.000117  0.000177         0.000143  0.000175  0.000132
150  2008               Catalan  0.000600         0.000125  0.000175         0.000146  0.000176  0.000134
151  2008               Chinese  0.000619         0.000123  0.000176         0.000144  0.000176  0.000134
152  2008                 Czech  0.001037         0.000112  0.000215         0.000151  0.000181  0.000128
153  2008                Danish  0.000618         0.000122  0.000176         0.000144  0.000176  0.000131
154  2008                 Dutch  0.000641         0.000122  0.000175         0.000145  0.000177  0.000133
155  2008               English  0.000654         0.000126  0.000195         0.000148  0.000180  0.000136
156  2008             Esperanto  0.000608         0.000124  0.000175         0.000145  0.000175  0.000133
157  2008               Finnish  0.000636         0.000122  0.000176         0.000145  0.000176  0.000134
158  2008                French  0.000605         0.000125  0.000175         0.000146  0.000177  0.000136
159  2008              Friulian  0.000693         0.000114  0.000174         0.000140  0.000173  0.000122
160  2008                German  0.000671         0.000120  0.000174         0.000145  0.000177  0.000132
161  2008                 Greek  0.000574         0.000129  0.000181         0.000145  0.000177  0.000139
162  2008             Hungarian  0.000670         0.000119  0.000175         0.000146  0.000175  0.000132
163  2008             Inuktitut  0.000713         0.000119  0.000180         0.000145  0.000176  0.000138
164  2008               Italian  0.000616         0.000123  0.000175         0.000145  0.000176  0.000133
165  2008                 Latin  0.000647         0.000121  0.000176         0.000144  0.000176  0.000132
166  2008                Polish  0.000606         0.000124  0.000177         0.000144  0.000176  0.000132
167  2008            Portuguese  0.000616         0.000124  0.000175         0.000146  0.000176  0.000135
168  2008               Spanish  0.000612         0.000124  0.000176         0.000145  0.000176  0.000134
169  2008               Swedish  0.000622         0.000123  0.000175         0.000144  0.000176  0.000133
170  2009               Arapaho  0.000654         0.000121  0.000174         0.000145  0.000175  0.000136
171  2009                  Caló  0.000593         0.000125  0.000177         0.000145  0.000175  0.000133
172  2009               Catalan  0.000591         0.000126  0.000177         0.000147  0.000176  0.000136
173  2009               Chinese  0.000616         0.000124  0.000176         0.000144  0.000176  0.000134
174  2009                 Czech  0.000662         0.000118  0.000174         0.000143  0.000174  0.000128
175  2009                Danish  0.000630         0.000121  0.000176         0.000143  0.000176  0.000130
176  2009                 Dutch  0.000644         0.000121  0.000174         0.000145  0.000177  0.000133
177  2009               English  0.000721         0.000128  0.000220         0.000156  0.000199  0.000171
178  2009             Esperanto  0.000609         0.000124  0.000175         0.000145  0.000175  0.000134
179  2009               Finnish  0.000629         0.000123  0.000176         0.000145  0.000176  0.000134
180  2009                French  0.000598         0.000126  0.000175         0.000146  0.000177  0.000136
181  2009              Friulian  0.000603         0.000124  0.000175         0.000145  0.000175  0.000133
182  2009      Gaelic, Scottish  0.000631         0.000122  0.000177         0.000144  0.000176  0.000132
183  2009                German  0.000688         0.000119  0.000176         0.000144  0.000177  0.000132
184  2009                 Greek  0.000577         0.000129  0.000181         0.000146  0.000177  0.000139
185  2009             Hungarian  0.000714         0.000118  0.000195         0.000142  0.000174  0.000125
186  2009               Italian  0.000612         0.000124  0.000175         0.000145  0.000176  0.000133
187  2009                 Latin  0.000601         0.000125  0.000175         0.000146  0.000177  0.000137
188  2009             Norwegian  0.000651         0.000121  0.000178         0.000142  0.000174  0.000132
189  2009                Polish  0.000641         0.000121  0.000175         0.000145  0.000175  0.000132
190  2009            Portuguese  0.000635         0.000123  0.000176         0.000146  0.000176  0.000134
191  2009               Russian  0.000600         0.000125  0.000177         0.000145  0.000174  0.000137
192  2009               Spanish  0.000610         0.000124  0.000176         0.000145  0.000175  0.000134
193  2009               Swedish  0.000634         0.000122  0.000176         0.000144  0.000176  0.000133
194  2010               Catalan  0.000612         0.000124  0.000175         0.000145  0.000176  0.000135
195  2010                 Czech  0.000713         0.000115  0.000178         0.000142  0.000175  0.000126
196  2010                Danish  0.000661         0.000120  0.000179         0.000143  0.000177  0.000131
197  2010                 Dutch  0.000651         0.000121  0.000175         0.000144  0.000177  0.000132
198  2010               English  0.000662         0.000125  0.000182         0.000148  0.000180  0.000140
199  2010             Esperanto  0.000601         0.000124  0.000176         0.000145  0.000175  0.000132
200  2010               Finnish  0.000637         0.000122  0.000175         0.000144  0.000176  0.000133
201  2010                French  0.000595         0.000126  0.000175         0.000146  0.000177  0.000136
202  2010                German  0.000655         0.000120  0.000174         0.000145  0.000177  0.000132
203  2010                 Greek  0.000582         0.000129  0.000181         0.000145  0.000177  0.000140
204  2010             Hungarian  0.000661         0.000120  0.000180         0.000144  0.000175  0.000129
205  2010               Italian  0.000617         0.000123  0.000176         0.000145  0.000176  0.000133
206  2010              Japanese  0.000607         0.000125  0.000177         0.000144  0.000176  0.000135
207  2010                 Latin  0.000617         0.000123  0.000173         0.000145  0.000176  0.000134
208  2010             Norwegian  0.000632         0.000121  0.000174         0.000144  0.000177  0.000132
209  2010                Polish  0.000666         0.000120  0.000174         0.000146  0.000176  0.000131
210  2010            Portuguese  0.000628         0.000124  0.000176         0.000146  0.000176  0.000135
211  2010             Slovenian  0.000633         0.000121  0.000175         0.000145  0.000173  0.000132
212  2010               Spanish  0.000630         0.000123  0.000176         0.000145  0.000176  0.000133
213  2010               Swedish  0.000657         0.000121  0.000178         0.000144  0.000177  0.000132
214  2011               Catalan  0.000591         0.000127  0.000176         0.000147  0.000177  0.000138
215  2011                 Czech  0.000650         0.000119  0.000175         0.000143  0.000173  0.000130
216  2011                Danish  0.000669         0.000119  0.000180         0.000142  0.000177  0.000130
217  2011                 Dutch  0.000660         0.000121  0.000176         0.000145  0.000177  0.000133
218  2011               English  0.000687         0.000126  0.000192         0.000157  0.000187  0.000136
219  2011             Esperanto  0.000695         0.000120  0.000186         0.000144  0.000177  0.000130
220  2011               Finnish  0.000637         0.000122  0.000176         0.000145  0.000176  0.000134
221  2011                French  0.000595         0.000127  0.000177         0.000146  0.000177  0.000137
222  2011                German  0.000675         0.000120  0.000175         0.000145  0.000177  0.000132
223  2011                 Greek  0.000573         0.000129  0.000181         0.000145  0.000177  0.000138
224  2011               Italian  0.001156         0.000130  0.000623         0.000150  0.000219  0.000137
225  2011              Japanese  0.000616         0.000124  0.000176         0.000144  0.000176  0.000135
226  2011                 Latin  0.000640         0.000121  0.000175         0.000144  0.000175  0.000133
227  2011                Polish  0.000766         0.000116  0.000181         0.000145  0.000177  0.000128
228  2011            Portuguese  0.000616         0.000124  0.000176         0.000145  0.000176  0.000135
229  2011              Romanian  0.000620         0.000124  0.000173         0.000146  0.000175  0.000134
230  2011               Russian  0.000625         0.000124  0.000175         0.000146  0.000175  0.000139
231  2011               Spanish  0.000626         0.000125  0.000176         0.000151  0.000177  0.000135
232  2011               Tagalog  0.000667         0.000119  0.000181         0.000143  0.000174  0.000127
233  2012                Danish  0.000628         0.000122  0.000177         0.000144  0.000177  0.000132
234  2012                 Dutch  0.000656         0.000121  0.000175         0.000145  0.000177  0.000133
235  2012               English  0.000647         0.000125  0.000180         0.000147  0.000185  0.000136
236  2012               Finnish  0.000626         0.000123  0.000176         0.000145  0.000176  0.000134
237  2012                French  0.000593         0.000126  0.000175         0.000147  0.000177  0.000137
238  2012      Gaelic, Scottish  0.000646         0.000121  0.000172         0.000145  0.000177  0.000136
239  2012                German  0.000677         0.000120  0.000176         0.000145  0.000177  0.000132
240  2012                 Greek  0.000573         0.000129  0.000181         0.000145  0.000177  0.000139
241  2012             Hungarian  0.000666         0.000121  0.000179         0.000145  0.000176  0.000132
242  2012               Italian  0.000630         0.000122  0.000175         0.000145  0.000176  0.000132
243  2012              Japanese  0.000625         0.000122  0.000176         0.000143  0.000175  0.000133
244  2012                 Latin  0.000620         0.000123  0.000175         0.000144  0.000176  0.000133
245  2012                Ojibwa  0.000591         0.000125  0.000174         0.000146  0.000177  0.000134
246  2012                Polish  0.000627         0.000121  0.000175         0.000143  0.000175  0.000129
247  2012            Portuguese  0.000626         0.000124  0.000176         0.000146  0.000176  0.000136
248  2012               Spanish  0.000609         0.000124  0.000175         0.000146  0.000175  0.000134
249  2012               Swedish  0.000644         0.000121  0.000175         0.000143  0.000177  0.000133
250  2012                Telugu  0.000595         0.000125  0.000175         0.000145  0.000174  0.000135
251  2013             Afrikaans  0.000600         0.000124  0.000176         0.000143  0.000177  0.000133
252  2013                Arabic  0.000584         0.000125  0.000174         0.000144  0.000173  0.000133
253  2013               Chinese  0.000608         0.000124  0.000178         0.000144  0.000176  0.000134
254  2013                Danish  0.000629         0.000122  0.000176         0.000144  0.000177  0.000132
255  2013                 Dutch  0.000672         0.000120  0.000175         0.000145  0.000177  0.000132
256  2013               English  0.000767         0.000126  0.000181         0.000153  0.000246  0.000136
257  2013             Esperanto  0.000597         0.000124  0.000177         0.000145  0.000175  0.000131
258  2013              Estonian  0.000632         0.000121  0.000175         0.000143  0.000176  0.000132
259  2013               Finnish  0.000629         0.000123  0.000177         0.000145  0.000176  0.000134
260  2013                French  0.000595         0.000126  0.000175         0.000147  0.000177  0.000137
261  2013                German  0.000667         0.000120  0.000175         0.000145  0.000177  0.000132
262  2013                 Greek  0.000587         0.000129  0.000180         0.000146  0.000177  0.000141
263  2013                Hebrew  0.000586         0.000130  0.000181         0.000148  0.000178  0.000141
264  2013             Hungarian  0.000644         0.000121  0.000176         0.000146  0.000175  0.000132
265  2013               Italian  0.000607         0.000124  0.000176         0.000145  0.000176  0.000133
266  2013                 Latin  0.000610         0.000126  0.000174         0.000147  0.000177  0.000142
267  2013             Norwegian  0.000651         0.000120  0.000179         0.000141  0.000174  0.000128
268  2013            Portuguese  0.000636         0.000121  0.000174         0.000144  0.000175  0.000133
269  2013               Spanish  0.000600         0.000125  0.000175         0.000146  0.000176  0.000136
270  2013               Tagalog  0.000603         0.000124  0.000178         0.000146  0.000176  0.000133
271  2013                Telugu  0.000610         0.000124  0.000174         0.000144  0.000175  0.000134
272  2014                 Czech  0.000633         0.000120  0.000173         0.000143  0.000174  0.000130
273  2014                Danish  0.000796         0.000119  0.000195         0.000146  0.000181  0.000130
274  2014                 Dutch  0.000649         0.000121  0.000175         0.000145  0.000177  0.000133
275  2014               English  0.000622         0.000126  0.000178         0.000147  0.000178  0.000136
276  2014             Esperanto  0.000601         0.000124  0.000176         0.000146  0.000175  0.000133
277  2014                 Farsi  0.000585         0.000126  0.000174         0.000146  0.000176  0.000134
278  2014               Finnish  0.000633         0.000123  0.000176         0.000145  0.000176  0.000134
279  2014                French  0.000590         0.000127  0.000175         0.000147  0.000177  0.000137
280  2014               Frisian  0.000614         0.000124  0.000174         0.000146  0.000178  0.000137
281  2014                German  0.000659         0.000120  0.000175         0.000145  0.000176  0.000132
282  2014                Hebrew  0.000579         0.000131  0.000182         0.000147  0.000177  0.000140
283  2014             Hungarian  0.000639         0.000122  0.000176         0.000145  0.000175  0.000132
284  2014               Italian  0.000603         0.000125  0.000175         0.000146  0.000176  0.000135
285  2014                 Latin  0.000631         0.000122  0.000173         0.000145  0.000177  0.000133
286  2014            Portuguese  0.000608         0.000124  0.000174         0.000146  0.000176  0.000134
287  2014               Spanish  0.000601         0.000125  0.000176         0.000146  0.000176  0.000136
288  2014               Swedish  0.000631         0.000122  0.000176         0.000145  0.000176  0.000133
289  2014               Tagalog  0.000708         0.000116  0.000184         0.000143  0.000174  0.000123
290  2015               Cebuano  0.000669         0.000119  0.000176         0.000145  0.000173  0.000131
291  2015                Danish  0.000615         0.000122  0.000179         0.000143  0.000176  0.000132
292  2015                 Dutch  0.000640         0.000121  0.000175         0.000144  0.000177  0.000133
293  2015               English  0.000698         0.000127  0.000290         0.000148  0.000196  0.000136
294  2015             Esperanto  0.000632         0.000123  0.000178         0.000146  0.000175  0.000131
295  2015               Finnish  0.000640         0.000122  0.000176         0.000145  0.000176  0.000134
296  2015                French  0.000594         0.000126  0.000175         0.000147  0.000177  0.000137
297  2015                German  0.000656         0.000121  0.000175         0.000145  0.000177  0.000133
298  2015             Hungarian  0.000639         0.000122  0.000172         0.000146  0.000177  0.000138
299  2015               Italian  0.000610         0.000124  0.000175         0.000145  0.000176  0.000133
300  2015                 Latin  0.000693         0.000118  0.000181         0.000144  0.000177  0.000127
301  2015            Portuguese  0.000608         0.000125  0.000176         0.000146  0.000177  0.000136
302  2015               Spanish  0.000599         0.000125  0.000176         0.000146  0.000176  0.000135
303  2015               Swedish  0.000661         0.000120  0.000177         0.000144  0.000177  0.000131
304  2015                Telugu  0.000652         0.000119  0.000172         0.000142  0.000174  0.000131
305  2015                 Welsh  0.000694         0.000119  0.000178         0.000144  0.000176  0.000135
306  2016               Catalan  0.000587         0.000127  0.000176         0.000146  0.000176  0.000136
307  2016               Chinese  0.000615         0.000124  0.000176         0.000144  0.000176  0.000134
308  2016                Danish  0.000653         0.000119  0.000180         0.000141  0.000176  0.000127
309  2016                 Dutch  0.000688         0.000119  0.000176         0.000144  0.000178  0.000131
310  2016               English  0.000633         0.000125  0.000182         0.000147  0.000179  0.000135
311  2016             Esperanto  0.000623         0.000123  0.000174         0.000146  0.000176  0.000135
312  2016               Finnish  0.000638         0.000123  0.000177         0.000145  0.000176  0.000134
313  2016                French  0.000602         0.000126  0.000175         0.000147  0.000177  0.000136
314  2016                German  0.000664         0.000120  0.000175         0.000145  0.000177  0.000132
315  2016                 Irish  0.000620         0.000123  0.000176         0.000145  0.000174  0.000132
316  2016               Italian  0.000624         0.000126  0.000177         0.000149  0.000177  0.000136
317  2016                 Latin  0.000627         0.000122  0.000173         0.000145  0.000176  0.000134
318  2016            Portuguese  0.000592         0.000126  0.000175         0.000147  0.000177  0.000136
319  2016               Spanish  0.000605         0.000125  0.000175         0.000146  0.000176  0.000135
320  2016               Swedish  0.000636         0.000122  0.000177         0.000144  0.000177  0.000132
321  2017               Chinese  0.000615         0.000124  0.000176         0.000144  0.000176  0.000135
322  2017                Danish  0.000590         0.000125  0.000179         0.000143  0.000177  0.000133
323  2017                 Dutch  0.000633         0.000122  0.000175         0.000145  0.000177  0.000132
324  2017               English  0.000619         0.000126  0.000180         0.000147  0.000178  0.000136
325  2017             Esperanto  0.000599         0.000125  0.000175         0.000146  0.000176  0.000137
326  2017               Finnish  0.000638         0.000122  0.000176         0.000145  0.000176  0.000134
327  2017                French  0.000601         0.000125  0.000175         0.000146  0.000177  0.000137
328  2017                German  0.000665         0.000120  0.000176         0.000145  0.000177  0.000132
329  2017             Hungarian  0.000618         0.000123  0.000176         0.000145  0.000176  0.000133
330  2017               Italian  0.000632         0.000122  0.000175         0.000145  0.000176  0.000132
331  2017                 Latin  0.000631         0.000122  0.000175         0.000144  0.000178  0.000134
332  2017             Norwegian  0.000657         0.000120  0.000184         0.000141  0.000175  0.000130
333  2017            Portuguese  0.000621         0.000123  0.000174         0.000145  0.000176  0.000135
334  2017               Spanish  0.000597         0.000126  0.000176         0.000146  0.000176  0.000136
335  2017               Swedish  0.000655         0.000122  0.000176         0.000145  0.000178  0.000133
336  2017                 Welsh  0.001369         0.000108  0.000261         0.000145  0.000192  0.000118
337  2018               Catalan  0.000596         0.000125  0.000175         0.000146  0.000176  0.000134
338  2018               Chinese  0.000623         0.000123  0.000176         0.000143  0.000176  0.000134
339  2018                 Dutch  0.000649         0.000121  0.000175         0.000144  0.000177  0.000133
340  2018               English  0.000641         0.000126  0.000178         0.000148  0.000178  0.000137
341  2018             Esperanto  0.000607         0.000124  0.000176         0.000144  0.000176  0.000133
342  2018               Finnish  0.000640         0.000122  0.000176         0.000145  0.000176  0.000134
343  2018                French  0.000597         0.000126  0.000175         0.000147  0.000177  0.000137
344  2018                German  0.000650         0.000121  0.000175         0.000145  0.000176  0.000133
345  2018                 Greek  0.000573         0.000127  0.000176         0.000146  0.000176  0.000137
346  2018             Hungarian  0.000710         0.000121  0.000192         0.000145  0.000179  0.000131
347  2018               Italian  0.000605         0.000125  0.000175         0.000146  0.000176  0.000135
348  2018                 Latin  0.000703         0.000117  0.000179         0.000143  0.000177  0.000127
349  2018             Norwegian  0.000635         0.000121  0.000176         0.000144  0.000173  0.000129
350  2018            Portuguese  0.000624         0.000122  0.000175         0.000144  0.000175  0.000132
351  2018               Spanish  0.000614         0.000124  0.000176         0.000145  0.000176  0.000134
352  2018               Swedish  0.000627         0.000123  0.000176         0.000145  0.000177  0.000133
353  2018                 Welsh  0.000648         0.000121  0.000173         0.000144  0.000175  0.000136
354  2019                 Czech  0.000737         0.000114  0.000183         0.000143  0.000172  0.000124
355  2019                Danish  0.000598         0.000125  0.000178         0.000144  0.000176  0.000134
356  2019                 Dutch  0.000639         0.000121  0.000174         0.000145  0.000176  0.000133
357  2019               English  0.000690         0.000127  0.000225         0.000151  0.000183  0.000137
358  2019             Esperanto  0.000627         0.000120  0.000174         0.000144  0.000174  0.000130
359  2019               Finnish  0.000635         0.000122  0.000176         0.000145  0.000176  0.000133
360  2019                French  0.000594         0.000126  0.000175         0.000146  0.000177  0.000136
361  2019               Frisian  0.000615         0.000125  0.000174         0.000146  0.000176  0.000137
362  2019              Galician  0.000648         0.000119  0.000175         0.000143  0.000175  0.000128
363  2019                German  0.000739         0.000121  0.000184         0.000146  0.000183  0.000133
364  2019                Hebrew  0.000576         0.000129  0.000178         0.000148  0.000177  0.000138
365  2019               Italian  0.000617         0.000123  0.000175         0.000145  0.000176  0.000133
366  2019                 Latin  0.000639         0.000124  0.000179         0.000146  0.000177  0.000134
367  2019             Norwegian  0.000621         0.000124  0.000176         0.000146  0.000178  0.000138
368  2019            Portuguese  0.000630         0.000123  0.000174         0.000146  0.000175  0.000133
369  2019               Spanish  0.000621         0.000123  0.000177         0.000146  0.000176  0.000133
370  2019               Swedish  0.000617         0.000123  0.000175         0.000145  0.000176  0.000135
371  2020             Afrikaans  0.000725         0.000116  0.000177         0.000144  0.000180  0.000131
372  2020               Catalan  0.000607         0.000124  0.000178         0.000144  0.000174  0.000134
373  2020               Chinese  0.000579         0.000128  0.000175         0.000147  0.000177  0.000139
374  2020                Danish  0.000668         0.000119  0.000179         0.000142  0.000176  0.000129
375  2020                 Dutch  0.000696         0.000120  0.000178         0.000146  0.000178  0.000132
376  2020               English  0.000730         0.000129  0.000216         0.000213  0.000197  0.000138
377  2020             Esperanto  0.000622         0.000123  0.000176         0.000145  0.000176  0.000134
378  2020               Finnish  0.000634         0.000122  0.000176         0.000145  0.000176  0.000134
379  2020                French  0.000606         0.000125  0.000175         0.000146  0.000177  0.000136
380  2020               Frisian  0.000579         0.000127  0.000176         0.000146  0.000177  0.000134
381  2020                German  0.000668         0.000121  0.000177         0.000145  0.000177  0.000132
382  2020             Hungarian  0.000683         0.000122  0.000185         0.000146  0.000178  0.000132
383  2020               Italian  0.000621         0.000123  0.000175         0.000145  0.000176  0.000133
384  2020                 Latin  0.000663         0.000121  0.000179         0.000145  0.000177  0.000130
385  2020             Norwegian  0.000604         0.000127  0.000172         0.000148  0.000180  0.000143
386  2020            Portuguese  0.000635         0.000124  0.000177         0.000146  0.000177  0.000134
387  2020              Romanian  0.000644         0.000122  0.000174         0.000145  0.000174  0.000133
388  2020               Spanish  0.000602         0.000125  0.000176         0.000146  0.000176  0.000135
389  2020               Swedish  0.000618         0.000123  0.000175         0.000145  0.000176  0.000134
390  2021             Afrikaans  0.000729         0.000116  0.000181         0.000143  0.000179  0.000129
391  2021                Danish  0.000615         0.000123  0.000176         0.000144  0.000176  0.000133
392  2021                 Dutch  0.000660         0.000120  0.000175         0.000144  0.000177  0.000132
393  2021               English  0.000871         0.000127  0.000188         0.000155  0.000184  0.000165
394  2021             Esperanto  0.000602         0.000124  0.000176         0.000145  0.000175  0.000133
395  2021               Finnish  0.000630         0.000123  0.000176         0.000145  0.000176  0.000135
396  2021                French  0.000603         0.000125  0.000175         0.000146  0.000177  0.000136
397  2021              Galician  0.000601         0.000125  0.000175         0.000146  0.000177  0.000137
398  2021                German  0.000661         0.000120  0.000175         0.000145  0.000176  0.000132
399  2021             Hungarian  0.000655         0.000122  0.000181         0.000145  0.000177  0.000132
400  2021               Italian  0.000614         0.000123  0.000175         0.000145  0.000176  0.000134
401  2021                 Latin  0.000576         0.000128  0.000178         0.000146  0.000178  0.000138
402  2021            Portuguese  0.000581         0.000127  0.000179         0.000146  0.000177  0.000135
403  2021              Romanian  0.000603         0.000125  0.000176         0.000145  0.000175  0.000134
404  2021               Spanish  0.000640         0.000125  0.000179         0.000147  0.000178  0.000135
405  2021               Swedish  0.000644         0.000122  0.000178         0.000145  0.000176  0.000133
406  2022               Chinese  0.000595         0.000125  0.000178         0.000144  0.000176  0.000134
407  2022                 Czech  0.000688         0.000116  0.000178         0.000141  0.000175  0.000124
408  2022                 Dutch  0.000633         0.000122  0.000174         0.000145  0.000177  0.000134
409  2022               English  0.000716         0.000126  0.000286         0.000150  0.000189  0.000136
410  2022             Esperanto  0.000609         0.000124  0.000176         0.000145  0.000175  0.000133
411  2022               Finnish  0.000633         0.000122  0.000176         0.000145  0.000176  0.000133
412  2022                French  0.000600         0.000125  0.000175         0.000146  0.000177  0.000136
413  2022                German  0.000658         0.000120  0.000175         0.000144  0.000176  0.000131
414  2022             Hungarian  0.000731         0.000122  0.000209         0.000148  0.000186  0.000133
415  2022               Italian  0.000629         0.000122  0.000176         0.000145  0.000175  0.000132
416  2022                 Latin  0.000611         0.000124  0.000174         0.000147  0.000176  0.000135
417  2022            Portuguese  0.000603         0.000125  0.000176         0.000146  0.000176  0.000135
418  2022               Spanish  0.000602         0.000125  0.000176         0.000145  0.000176  0.000135
419  2022               Swedish  0.000621         0.000122  0.000174         0.000144  0.000177  0.000130
420  2022               Tibetan  0.000595         0.000125  0.000173         0.000147  0.000177  0.000135
421  2022                 Welsh  0.000782         0.000117  0.000188         0.000145  0.000177  0.000132
422  2023             Afrikaans  0.000635         0.000123  0.000177         0.000145  0.000179  0.000135
423  2023                 Dutch  0.000622         0.000123  0.000174         0.000145  0.000177  0.000134
424  2023               English  0.000665         0.000126  0.000205         0.000148  0.000182  0.000136
425  2023             Esperanto  0.000613         0.000123  0.000174         0.000146  0.000176  0.000131
426  2023               Finnish  0.000630         0.000123  0.000176         0.000144  0.000176  0.000133
427  2023                French  0.000599         0.000125  0.000175         0.000146  0.000176  0.000136
428  2023                German  0.000652         0.000121  0.000176         0.000145  0.000176  0.000132
429  2023             Hungarian  0.000633         0.000122  0.000175         0.000146  0.000175  0.000133
430  2023               Italian  0.000616         0.000123  0.000175         0.000145  0.000175  0.000133
431  2023                 Latin  0.000631         0.000123  0.000174         0.000145  0.000177  0.000135
432  2023            Portuguese  0.000607         0.000125  0.000176         0.000146  0.000176  0.000136
433  2023               Spanish  0.000597         0.000125  0.000176         0.000146  0.000176  0.000135
434  2023               Swedish  0.000628         0.000122  0.000174         0.000145  0.000175  0.000133