            toxicity  severe_toxicity   obscene  identity_attack    insult    threat
lenguaje                                                                            
Afrikaans   0.000635         0.000123  0.000177         0.000145  0.000179  0.000135
Dutch       0.000622         0.000123  0.000174         0.000145  0.000177  0.000134
English     0.000665         0.000126  0.000205         0.000148  0.000182  0.000136
Esperanto   0.000613         0.000123  0.000174         0.000146  0.000176  0.000131
Finnish     0.000630         0.000123  0.000176         0.000144  0.000176  0.000133
French      0.000599         0.000125  0.000175         0.000146  0.000176  0.000136
German      0.000652         0.000121  0.000176         0.000145  0.000176  0.000132
Hungarian   0.000633         0.000122  0.000175         0.000146  0.000175  0.000133
Italian     0.000616         0.000123  0.000175         0.000145  0.000175  0.000133
Latin       0.000631         0.000123  0.000174         0.000145  0.000177  0.000135
Portuguese  0.000607         0.000125  0.000176         0.000146  0.000176  0.000136
Spanish     0.000597         0.000125  0.000176         0.000146  0.000176  0.000135
Swedish     0.000628         0.000122  0.000174         0.000145  0.000175  0.000133